1 5 0.000341835725
1 10 0.000623764343
1 15 0.000833079901
1 20 0.000991420898
1 25 0.000960913582
1 30 0.00037410196
1 40 0.00342832282
3 5 9.92483434e-05
3 10 0.000189593368
3 15 0.000341190855
3 20 0.000442845266
3 25 0.000536450552
3 30 0.000622770372
3 40 0.000774832496
5 5 0.000271367746
5 10 0.000129264677
5 15 0.000140350977
5 20 0.00027354851
5 25 0.000340546076
5 30 0.000402599747
5 40 0.000517419847
7 5 1.73599571e-05
7 10 6.39885845e-05
7 15 0.000137373114
7 20 0.000112933778
7 25 0.000242297851
7 30 0.00029273236
7 40 0.000384558082
10 5 1.04194854e-06
10 10 0.000371507627
10 15 7.6441746e-05
10 20 0.000128427756
10 25 0.000167899442
10 30 0.000137781744
10 40 0.000272136446
12 5 4.60822044e-06
12 10 2.9695037e-05
12 15 1.27167769e-06
12 20 9.76381486e-05
12 25 0.000134921132
12 30 0.000167506072
12 40 0.000185757467
15 5 4.60822044e-06
15 10 0.000345290304
15 15 0.000499963794
15 20 3.44722011e-05
15 25 9.70925746e-05
15 30 0.000127588416
15 40 0.000179666299
18 5 4.60822044e-06
18 10 0.00121462536
18 15 2.98383823e-05
18 20 5.49710571e-05
18 25 5.06048101e-05
18 30 9.65419669e-05
18 40 0.000141003595
20 5 4.60822044e-06
20 10 9.35445578e-07
20 15 2.01127424e-05
20 20 0.000664966816
20 25 7.08386356e-06
20 30 7.39088605e-05
20 40 0.000126746682
25 5 4.60822044e-06
25 10 4.60822044e-06
25 15 0.00201334332
25 20 0.000379913435
25 25 0.00087711003
25 30 4.57703361e-05
25 40 8.73759737e-05
30 5 4.60822044e-06
30 10 4.60822044e-06
30 15 1.41345568e-06
30 20 0.000441978679
30 25 2.89119006e-05
30 30 0.00114992924
30 40 2.67782864e-05
40 5 4.60822044e-06
40 10 4.60822044e-06
40 15 4.60822044e-06
40 20 1.89497847e-06
40 25 0.00139431766
40 30 0.000605113723
40 40 0.00195595444
60 5 4.60822044e-06
60 10 4.60822044e-06
60 15 4.60822044e-06
60 20 4.60822044e-06
60 25 4.60822044e-06
60 30 2.89493436e-06
60 40 0.000724491967
