   1.0000000e+00   5.0000000e+00   5.0780592e+01
   1.0000000e+00   1.0000000e+01   5.0837292e+01
   1.0000000e+00   1.5000000e+01   5.0857201e+01
   1.0000000e+00   2.0000000e+01   5.0867353e+01
   1.0000000e+00   2.5000000e+01   5.0873954e+01
   1.0000000e+00   3.0000000e+01   5.0879732e+01
   1.0000000e+00   4.0000000e+01   5.0880510e+01
   3.0000000e+00   5.0000000e+00   5.0595825e+01
   3.0000000e+00   1.0000000e+01   5.0728329e+01
   3.0000000e+00   1.5000000e+01   5.0780374e+01
   3.0000000e+00   2.0000000e+01   5.0808179e+01
   3.0000000e+00   2.5000000e+01   5.0825436e+01
   3.0000000e+00   3.0000000e+01   5.0837174e+01
   3.0000000e+00   4.0000000e+01   5.0852087e+01
   5.0000000e+00   5.0000000e+00   5.0460265e+01
   5.0000000e+00   1.0000000e+01   5.0635980e+01
   5.0000000e+00   1.5000000e+01   5.0711642e+01
   5.0000000e+00   2.0000000e+01   5.0753488e+01
   5.0000000e+00   2.5000000e+01   5.0780155e+01
   5.0000000e+00   3.0000000e+01   5.0798590e+01
   5.0000000e+00   4.0000000e+01   5.0822384e+01
   7.0000000e+00   5.0000000e+00   5.0355673e+01
   7.0000000e+00   1.0000000e+01   5.0557282e+01
   7.0000000e+00   1.5000000e+01   5.0649862e+01
   7.0000000e+00   2.0000000e+01   5.0703290e+01
   7.0000000e+00   2.5000000e+01   5.0737750e+01
   7.0000000e+00   3.0000000e+01   5.0762000e+01
   7.0000000e+00   4.0000000e+01   5.0793735e+01
   1.0000000e+01   5.0000000e+00   5.0234222e+01
   1.0000000e+01   1.0000000e+01   5.0458787e+01
   1.0000000e+01   1.5000000e+01   5.0568747e+01
   1.0000000e+01   2.0000000e+01   5.0634913e+01
   1.0000000e+01   2.5000000e+01   5.0679112e+01
   1.0000000e+01   3.0000000e+01   5.0710827e+01
   1.0000000e+01   4.0000000e+01   5.0752830e+01
   1.2000000e+01   5.0000000e+00   5.0201686e+01
   1.2000000e+01   1.0000000e+01   5.0402993e+01
   1.2000000e+01   1.5000000e+01   5.0521061e+01
   1.2000000e+01   2.0000000e+01   5.0593698e+01
   1.2000000e+01   2.5000000e+01   5.0643046e+01
   1.2000000e+01   3.0000000e+01   5.0678739e+01
   1.2000000e+01   4.0000000e+01   5.0726969e+01
   1.5000000e+01   5.0000000e+00   5.0201686e+01
   1.5000000e+01   1.0000000e+01   5.0330479e+01
   1.5000000e+01   1.5000000e+01   5.0457299e+01
   1.5000000e+01   2.0000000e+01   5.0537408e+01
   1.5000000e+01   2.5000000e+01   5.0592983e+01
   1.5000000e+01   3.0000000e+01   5.0633839e+01
   1.5000000e+01   4.0000000e+01   5.0689855e+01
   1.8000000e+01   5.0000000e+00   5.0201686e+01
   1.8000000e+01   1.0000000e+01   5.0267354e+01
   1.8000000e+01   1.5000000e+01   5.0401097e+01
   1.8000000e+01   2.0000000e+01   5.0486823e+01
   1.8000000e+01   2.5000000e+01   5.0547234e+01
   1.8000000e+01   3.0000000e+01   5.0592264e+01
   1.8000000e+01   4.0000000e+01   5.0654944e+01
   2.0000000e+01   5.0000000e+00   5.0201686e+01
   2.0000000e+01   1.0000000e+01   5.0230653e+01
   2.0000000e+01   1.5000000e+01   5.0367146e+01
   2.0000000e+01   2.0000000e+01   5.0455800e+01
   2.0000000e+01   2.5000000e+01   5.0518866e+01
   2.0000000e+01   3.0000000e+01   5.0566226e+01
   2.0000000e+01   4.0000000e+01   5.0632755e+01
   2.5000000e+01   5.0000000e+00   5.0201686e+01
   2.5000000e+01   1.0000000e+01   5.0201686e+01
   2.5000000e+01   1.5000000e+01   5.0291592e+01
   2.5000000e+01   2.0000000e+01   5.0386070e+01
   2.5000000e+01   2.5000000e+01   5.0454288e+01
   2.5000000e+01   3.0000000e+01   5.0506335e+01
   2.5000000e+01   4.0000000e+01   5.0580807e+01
   3.0000000e+01   5.0000000e+00   5.0201686e+01
   3.0000000e+01   1.0000000e+01   5.0201686e+01
   3.0000000e+01   1.5000000e+01   5.0227039e+01
   3.0000000e+01   2.0000000e+01   5.0325399e+01
   3.0000000e+01   2.5000000e+01   5.0397262e+01
   3.0000000e+01   3.0000000e+01   5.0452767e+01
   3.0000000e+01   4.0000000e+01   5.0533370e+01
   4.0000000e+01   5.0000000e+00   5.0201686e+01
   4.0000000e+01   1.0000000e+01   5.0201686e+01
   4.0000000e+01   1.5000000e+01   5.0201686e+01
   4.0000000e+01   2.0000000e+01   5.0223379e+01
   4.0000000e+01   2.5000000e+01   5.0300256e+01
   4.0000000e+01   3.0000000e+01   5.0361089e+01
   4.0000000e+01   4.0000000e+01   5.0449685e+01
   6.0000000e+01   5.0000000e+00   5.0201686e+01
   6.0000000e+01   1.0000000e+01   5.0201686e+01
   6.0000000e+01   1.5000000e+01   5.0201686e+01
   6.0000000e+01   2.0000000e+01   5.0201686e+01
   6.0000000e+01   2.5000000e+01   5.0201686e+01
   6.0000000e+01   3.0000000e+01   5.0215919e+01
   6.0000000e+01   4.0000000e+01   5.0314930e+01
