   1.0000000e+00   5.0000000e+00   1.9473158e+00
   1.0000000e+00   1.0000000e+01   2.5608536e+00
   1.0000000e+00   1.5000000e+01   2.9929977e+00
   1.0000000e+00   2.0000000e+01   3.3344448e+00
   1.0000000e+00   2.5000000e+01   3.6225408e+00
   1.0000000e+00   3.0000000e+01   3.8732911e+00
   1.0000000e+00   4.0000000e+01   4.3027676e+00
   3.0000000e+00   5.0000000e+00   1.2284095e+00
   3.0000000e+00   1.0000000e+01   1.6485495e+00
   3.0000000e+00   1.5000000e+01   1.9446482e+00
   3.0000000e+00   2.0000000e+01   2.1820607e+00
   3.0000000e+00   2.5000000e+01   2.3821274e+00
   3.0000000e+00   3.0000000e+01   2.5581861e+00
   3.0000000e+00   4.0000000e+01   2.8596199e+00
   5.0000000e+00   5.0000000e+00   9.8132711e-01
   5.0000000e+00   1.0000000e+01   1.3274425e+00
   5.0000000e+00   1.5000000e+01   1.5765255e+00
   5.0000000e+00   2.0000000e+01   1.7739246e+00
   5.0000000e+00   2.5000000e+01   1.9419807e+00
   5.0000000e+00   3.0000000e+01   2.0913638e+00
   5.0000000e+00   4.0000000e+01   2.3421140e+00
   7.0000000e+00   5.0000000e+00   8.4438146e-01
   7.0000000e+00   1.0000000e+01   1.1463821e+00
   7.0000000e+00   1.5000000e+01   1.3664555e+00
   7.0000000e+00   2.0000000e+01   1.5418473e+00
   7.0000000e+00   2.5000000e+01   1.6912304e+00
   7.0000000e+00   3.0000000e+01   1.8246082e+00
   7.0000000e+00   4.0000000e+01   2.0486829e+00
   1.0000000e+01   5.0000000e+00   7.2224075e-01
   1.0000000e+01   1.0000000e+01   9.7932644e-01
   1.0000000e+01   1.5000000e+01   1.1693898e+00
   1.0000000e+01   2.0000000e+01   1.3244415e+00
   1.0000000e+01   2.5000000e+01   1.4564855e+00
   1.0000000e+01   3.0000000e+01   1.5711904e+00
   1.0000000e+01   4.0000000e+01   1.7712571e+00
   1.2000000e+01   5.0000000e+00   6.9489830e-01
   1.2000000e+01   1.0000000e+01   9.0130043e-01
   1.2000000e+01   1.5000000e+01   1.0783595e+00
   1.2000000e+01   2.0000000e+01   1.2234078e+00
   1.2000000e+01   2.5000000e+01   1.3474491e+00
   1.2000000e+01   3.0000000e+01   1.4538179e+00
   1.2000000e+01   4.0000000e+01   1.6405468e+00
   1.5000000e+01   5.0000000e+00   6.9489830e-01
   1.5000000e+01   1.0000000e+01   8.1627209e-01
   1.5000000e+01   1.5000000e+01   9.7732578e-01
   1.5000000e+01   2.0000000e+01   1.1083695e+00
   1.5000000e+01   2.5000000e+01   1.2224075e+00
   1.5000000e+01   3.0000000e+01   1.3224408e+00
   1.5000000e+01   4.0000000e+01   1.4938313e+00
   1.8000000e+01   5.0000000e+00   6.9489830e-01
   1.8000000e+01   1.0000000e+01   7.5625208e-01
   1.8000000e+01   1.5000000e+01   8.9929977e-01
   1.8000000e+01   2.0000000e+01   1.0213404e+00
   1.8000000e+01   2.5000000e+01   1.1273758e+00
   1.8000000e+01   3.0000000e+01   1.2204068e+00
   1.8000000e+01   4.0000000e+01   1.3814605e+00
   2.0000000e+01   5.0000000e+00   6.9489830e-01
   2.0000000e+01   1.0000000e+01   7.1890630e-01
   2.0000000e+01   1.5000000e+01   8.5708570e-01
   2.0000000e+01   2.0000000e+01   9.7632544e-01
   2.0000000e+01   2.5000000e+01   1.0753585e+00
   2.0000000e+01   3.0000000e+01   1.1643881e+00
   2.0000000e+01   4.0000000e+01   1.3194398e+00
   2.5000000e+01   5.0000000e+00   6.9489830e-01
   2.5000000e+01   1.0000000e+01   6.9489830e-01
   2.5000000e+01   1.5000000e+01   7.7492497e-01
   2.5000000e+01   2.0000000e+01   8.7962654e-01
   2.5000000e+01   2.5000000e+01   9.7432477e-01
   2.5000000e+01   3.0000000e+01   1.0533511e+00
   2.5000000e+01   4.0000000e+01   1.1953985e+00
   3.0000000e+01   5.0000000e+00   6.9489830e-01
   3.0000000e+01   1.0000000e+01   6.9489830e-01
   3.0000000e+01   1.5000000e+01   7.1623875e-01
   3.0000000e+01   2.0000000e+01   8.1027009e-01
   3.0000000e+01   2.5000000e+01   8.9429810e-01
   3.0000000e+01   3.0000000e+01   9.7332444e-01
   3.0000000e+01   4.0000000e+01   1.1013671e+00
   4.0000000e+01   5.0000000e+00   6.9489830e-01
   4.0000000e+01   1.0000000e+01   6.9489830e-01
   4.0000000e+01   1.5000000e+01   6.9489830e-01
   4.0000000e+01   2.0000000e+01   7.1290430e-01
   4.0000000e+01   2.5000000e+01   7.8426142e-01
   4.0000000e+01   3.0000000e+01   8.9296432e-01
   4.0000000e+01   4.0000000e+01   9.7032344e-01
   6.0000000e+01   5.0000000e+00   6.9489830e-01
   6.0000000e+01   1.0000000e+01   6.9489830e-01
   6.0000000e+01   1.5000000e+01   6.9489830e-01
   6.0000000e+01   2.0000000e+01   6.9489830e-01
   6.0000000e+01   2.5000000e+01   6.9489830e-01
   6.0000000e+01   3.0000000e+01   7.0623541e-01
   6.0000000e+01   4.0000000e+01   7.9893298e-01
