1 5 0.000341835725 8.000000
1 10 0.000623764343 8.000000
1 15 0.000833079901 8.000000
1 20 0.000991420898 8.000000
1 25 0.000960913582 8.000000
1 30 0.00037410196 8.000000
1 40 0.00342832282 8.000000
3 5 9.92483434e-05 3.000000
3 10 0.000189593368 8.000000
3 15 0.000341190855 8.000000
3 20 0.000442845266 8.000000
3 25 0.000536450552 8.000000
3 30 0.000622770372 8.000000
3 40 0.000774832496 8.000000
5 5 0.000271367746 3.000000
5 10 0.000129264677 3.000000
5 15 0.000140350977 8.000000
5 20 0.00027354851 8.000000
5 25 0.000340546076 8.000000
5 30 0.000402599747 8.000000
5 40 0.000517419847 8.000000
7 5 1.73599571e-05 2.300000
7 10 6.39885845e-05 3.000000
7 15 0.000137373114 3.000000
7 20 0.000112933778 8.000000
7 25 0.000242297851 8.000000
7 30 0.00029273236 8.000000
7 40 0.000384558082 8.000000
10 5 1.04194854e-06 2.000000
10 10 0.000371507627 3.000000
10 15 7.6441746e-05 3.000000
10 20 0.000128427756 3.000000
10 25 0.000167899442 8.000000
10 30 0.000137781744 8.000000
10 40 0.000272136446 8.000000
12 5 4.60822044e-06 2.000000
12 10 2.9695037e-05 3.000000
12 15 1.27167769e-06 3.000000
12 20 9.76381486e-05 3.000000
12 25 0.000134921132 3.000000
12 30 0.000167506072 8.000000
12 40 0.000185757467 8.000000
15 5 4.60822044e-06 2.000000
15 10 0.000345290304 2.000000
15 15 0.000499963794 3.000000
15 20 3.44722011e-05 3.000000
15 25 9.70925746e-05 3.000000
15 30 0.000127588416 3.000000
15 40 0.000179666299 8.000000
18 5 4.60822044e-06 2.000000
18 10 0.00121462536 2.000000
18 15 2.98383823e-05 3.000000
18 20 5.49710571e-05 3.000000
18 25 5.06048101e-05 3.000000
18 30 9.65419669e-05 3.000000
18 40 0.000141003595 3.000000
20 5 4.60822044e-06 2.000000
20 10 9.35445578e-07 2.000000
20 15 2.01127424e-05 3.400000
20 20 0.000664966816 3.000000
20 25 7.08386356e-06 3.000000
20 30 7.39088605e-05 3.000000
20 40 0.000126746682 3.000000
25 5 4.60822044e-06 2.000000
25 10 4.60822044e-06 2.000000
25 15 0.00201334332 2.000000
25 20 0.000379913435 2.000000
25 25 0.00087711003 3.000000
25 30 4.57703361e-05 3.000000
25 40 8.73759737e-05 3.000000
30 5 4.60822044e-06 2.000000
30 10 4.60822044e-06 2.000000
30 15 1.41345568e-06 2.000000
30 20 0.000441978679 2.000000
30 25 2.89119006e-05 3.000000
30 30 0.00114992924 3.000000
30 40 2.67782864e-05 3.000000
40 5 4.60822044e-06 2.000000
40 10 4.60822044e-06 2.000000
40 15 4.60822044e-06 2.000000
40 20 1.89497847e-06 2.000000
40 25 0.00139431766 2.000000
40 30 0.000605113723 2.000000
40 40 0.00195595444 3.000000
60 5 4.60822044e-06 2.000000
60 10 4.60822044e-06 2.000000
60 15 4.60822044e-06 2.000000
60 20 4.60822044e-06 2.000000
60 25 4.60822044e-06 2.000000
60 30 2.89493436e-06 2.000000
60 40 0.000724491967 2.000000
